-32 81 37 44 49 -100 -10 27 38 80 -47 -77 -10 -95 -80 -21 -63 -36 -21 12
-53 -95 94 15 100 -5 5 86 39 -89 -1 53 28 -20 82 -19 25 74 94 5
78 57 -95 23 -82 3 19 28 -100 7 16 34 32 89 -9 -40 29 -93 -76 -62
53 -56 -48 -45 -100 -43 27 -79 25 -90 96 -27 5 35 -32 -87 35 -57 -48 -70
-31 55 19 20 -65 11 -76 -18 -62 -4 -81 46 26 -100 22 -50 -3 74 70 -61
53 -27 11 -19 -77 -43 -87 72 98 -81 62 -32 1 71 -97 -59 69 33 -100 3
-95 28 19 84 -71 95 15 -85 98 -50 27 84 53 9 98 85 -32 6 3 -59
-89 46 74 39 -77 -24 47 37 -45 -10 64 -55 -50 91 -87 70 86 -49 -52 -21
47 -30 -75 -83 78 -62 40 4 -23 -52 -55 73 17 -70 -73 -49 -61 20 7 25
96 36 74 35 27 96 32 -85 41 -65 -10 -51 -63 -50 -80 -75 -10 -66 34 31
8 -44 8 44 50 -58 27 -12 71 -42 -46 98 7 100 56 99 34 -60 -43 -27
11 -56 82 72 98 -37 -48 49 -95 -88 15 -58 52 -61 14 -67 -57 16 -76 -34
-27 -5 42 45 60 -10 -45 10 -31 95 80 40 -45 -74 90 -67 -79 92 52 -59
-55 89 -98 5 -67 -81 48 44 78 22 -26 96 -47 -65 19 -34 -90 59 67 73
42 -36 -45 -55 76 9 -71 34 -56 40 -55 -14 -99 16 -51 14 20 63 -32 -60
-25 -59 64 13 39 -8 67 -54 -58 10 4 -6 -33 -69 57 -96 40 12 0 2
-69 35 -5 77 84 -66 -72 -57 18 -85 65 -21 -57 -97 -35 -80 -97 48 90 97
73 -90 86 91 -11 81 10 73 35 4 6 56 -18 -93 -82 48 -9 -65 4 3
-50 28 91 64 67 -99 58 40 60 16 77 -64 -51 4 -52 12 -85 -11 -72 -68
65 -66 12 87 -31 36 -100 30 48 -14 -38 61 -27 -61 45 -14 81 -72 83 67
-15 23 20 43 84 -30 -63 74 37 -62 33 -8 -76 19 -38 90 -41 40 -43 -57
-77 87 49 17 99 18 10 41 57 13 -10 8 -68 -54 -70 -94 -14 -88 82 73
-65 -24 -62 93 -49 -32 29 -52 -12 46 24 -68 95 47 -59 -29 21 -56 0 -37
88 -23 -60 -8 -17 -3 -13 -37 8 22 73 -4 8 36 17 44 -71 -5 76 36
87 -37 -46 -3 68 35 -48 71 39 -9 18 -82 34 25 55 -12 -24 -60 52 3
-92 -17 -17 89 91 -98 -11 -77 -5 -88 -6 53 -48 -22 49 59 13 31 19 -38
-77 -33 32 -4 52 -96 -52 -46 88 -2 70 -73 -100 39 55 54 -95 84 57 -70
52 -36 -93 31 78 42 24 55 -69 75 -8 85 -89 10 78 18 -42 78 -14 39
18 83 -50 -17 62 28 40 78 -53 88 -42 -97 83 0 65 50 -77 -81 -95 -38
-85 -28 -34 88 -6 55 -45 -70 38 -94 47 -5 98 37 56 -16 12 -49 42 50
-75 24 66 -100 67 72 -25 -8 43 6 -89 6 -48 -60 32 -28 0 9 8 31
-38 69 1 -60 60 0 -24 90 -2 -57 1 -29 8 -77 34 54 -40 28 -14 -37
62 78 -93 -26 -44 5 -2 5 74 -15 -59 -95 -35 1 62 55 -59 98 -83 29
-76 -6 33 82 -96 -25 79 -42 57 -89 82 -19 -62 85 58 -3 -78 65 95 -66
-83 45 58 -31 -26 -72 86 29 -7 -81 92 -5 59 33 -17 -83 -61 -4 -44 -69
1 73 -51 53 -29 18 58 56 12 -8 -82 -1 72 3 8 93 29 100 -45 -82
-68 7 -63 34 -37 47 -11 12 79 -39 59 -93 25 17 -19 -10 21 32 -74 -58
31 77 -81 40 14 -21 48 -99 70 -73 59 -39 37 85 -19 -7 30 -6 -14 -69
2 69 -61 -88 -5 30 58 22 59 23 61 -14 -70 9 -95 28 63 -37 15 -4
-10 -50 49 -64 71 -78 -96 84 97 -76 -51 41 -52 -24 17 -43 -41 56 40 -40
30 66 23 39 -68 61 -25 25 83 62 -50 -41 -61 95 47 -98 14 -5 -29 35
53 55 96 20 52 -66 100 70 41 -42 45 -78 -87 85 -28 18 -58 86 -27 -43
-9 -46 -36 69 -65 27 67 9 0 -90 -55 87 54 -29 -45 -10 81 -35 -50 -17
24 59 -6 -38 44 40 -29 34 65 -59 -23 -71 66 84 -1 -15 42 -17 49 96
80 22 -4 85 73 74 11 75 -96 89 -85 36 21 74 35 11 -81 18 -62 99
77 -56 75 -29 19 -100 -49 7 22 -34 5 -75 -62 -62 -20 47 -60 20 64 -38
49 97 -75 -69 -66 -92 -35 45 -44 -89 91 27 25 37 -16 -75 -12 65 -38 -53
16 -37 -43 -1 14 -44 -32 79 -57 -83 92 93 23 -63 -51 70 -12 -6 -6 9
18 -10 93 49 -96 -12 54 62 57 -34 -80 -79 55 24 -19 52 -94 -54 6 81
-40 -76 -28 -23 -92 78 -72 -60 -78 -29 83 95 -18 -63 43 22 83 -93 41 -25
-35 13 15 -44 -50 57 -66 -29 -21 -60 -8 -68 95 -67 60 -15 28 48 42 22
35 3 33 -50 -71 7 -41 1 -32 -23 -49 28 -26 56 78 -24 -32 -31 -74 -51
32 36 -49 14 -41 34 -68 46 93 -49 -1 5 -34 92 -4 26 81 -22 18 55
-42 -39 -5 66 -44 98 16 11 -91 -2 -4 41 10 -95 -38 -27 -10 27 -100 48
-65 -55 2 82 17 -63 36 6 18 19 5 52 52 -18 57 -77 81 78 11 90
97 -6 90 -44 -4 -94 41 -1 -77 68 -21 -75 -15 85 -27 -19 -39 -61 62 23
54 -91 26 53 -70 -70 4 7 -30 100 35 65 -41 -92 96 17 -17 24 -81 54
91 16 11 -26 -97 100 -51 38 90 -98 -33 23 63 63 76 -74 36 -13 -13 -63
43 -39 64 8 -71 6 -95 -66 -3 -64 -83 76 -61 92 -45 -31 78 -91 10 -12
36 80 36 58 77 79 -22 20 -25 22 -21 -9 -88 -74 33 96 65 1 -95 59
78 56 71 -39 -88 -4 46 75 12 38 42 -1 -59 -63 98 -24 53 95 -58 -82
66 -15 -2 -41 -63 23 28 -46 -40 -4 85 4 -42 1 -79 54 -84 51 10 22
75 -83 92 -64 70 22 -44 -24 -61 0 -92 86 67 -54 -65 58 -89 -85 52 68
98 17 13 27 1 -42 -74 24 -47 29 -33 68 59 15 1 55 -53 2 94 9
48 -48 -34 41 -58 2 -11 61 18 -34 0 -8 -16 -64 -58 -18 51 77 78 53
11 -59 -28 -12 -6 34 -99 36 -27 -44 -37 6 -82 -23 6 -74 58 33 -17 22
-59 -28 -50 83 6 21 90 -3 15 56 32 72 94 -42 54 16 74 -36 -33 -20
55 59 -85 91 -10 -61 74 -37 -11 -82 54 84 58 -42 55 40 80 65 66 -29
52 -88 36 80 -85 75 43 69 -100 77 -46 -66 61 -23 83 49 97 -47 -20 8
-89 -29 34 86 -51 81 27 16 -7 -11 -64 25 -48 -11 -66 64 33 -100 -9 -79
55 -42 43 -19 -42 39 -20 31 48 5 -37 -8 90 -25 31 -81 -3 19 -68 37
90 -17 35 -57 59 -3 -37 54 -72 -53 70 38 78 78 4 86 -52 -54 32 -93
77 79 -57 -97 77 9 -85 -76 35 55 94 59 2 81 -4 -33 -97 34 1 6
-89 21 63 1 37 56 56 70 -26 -70 -8 -34 31 -17 -4 63 -55 -26 25 -12
-79 -18 -64 -28 19 -56 72 57 36 -40 -68 71 56 -39 5 32 -92 -89 -49 -90
-25 -98 25 -50 -67 -27 64 50 -19 25 -28 -44 -68 -78 70 -71 -89 -51 -12 52
79 78 -44 -58 -80 62 66 56 31 -57 6 0 -41 -73 -85 -13 -61 22 6 -61
42 22 -48 -50 -67 38 -75 69 -2 27 83 -52 -3 -60 12 62 25 74 -72 63
93 98 75 69 -64 -37 -88 -86 66 58 -27 58 73 -8 19 29 -75 26 -9 95
100 100 26 -75 36 11 -46 -20 -94 33 -13 -90 -83 -77 19 -61 67 -37 89 91
43 55 -56 -19 29 -7 -8 -71 3 45 8 22 -39 84 57 81 -52 -85 35 -14
-6 -98 -74 94 -85 -59 96 -81 -32 -93 42 -97 96 6 -50 -18 85 63 41 68
75 95 13 73 -6 31 13 -51 96 39 -89 75 83 62 43 22 68 85 71 -98
-58 -82 -80 -86 62 78 -23 99 25 -53 28 -52 76 -100 43 77 -4 -56 -56 -59
32 9 -67 -60 -31 -51 49 -45 68 32 -62 14 78 1 -82 -90 80 -49 49 61
-13 -12 -97 59 21 89 -54 -16 -31 27 20 44 19 -80 -74 31 53 11 52 -70
-12 10 -42 89 89 74 -57 37 99 56 -24 10 63 -78 -50 -91 2 16 -21 51
99 66 -25 30 22 2 36 -85 59 79 -31 -4 -84 96 -71 -51 -4 21 -86 -31
46 -19 -61 -54 -64 -64 30 -89 18 -28 -77 11 23 -25 77 -92 63 -28 -22 88
26 40 60 42 -55 -92 -32 -51 -95 70 -84 -76 -37 -70 90 -12 -68 -16 -97 59
1 61 28 -20 -20 86 -40 70 43 -90 -70 64 9 27 55 7 -54 -56 27 -48
-3 54 52 -55 -6 -76 -98 73 -35 6 34 -95 70 -42 -56 42 23 -2 32 -51
-73 -29 75 -42 -49 48 -42 78 63 -78 50 -60 91 24 -29 -90 -33 89 -70 -42
-74 39 41 67 82 -42 -78 46 -28 83 91 95 -2 -36 -69 64 -89 -94 36 63
36 89 -63 -66 -64 -65 -76 32 -85 53 -91 60 22 17 36 -87 -23 95 100 98
63 -6 -68 92 22 35 87 -48 -65 72 -37 -5 54 -27 17 -93 58 -12 -92 -24
-68 -35 -39 -8 57 71 52 -2 3 79 -42 81 86 88 -28 16 -86 -49 41 -100
83 -59 -49 -10 90 -83 42 93 -83 -62 44 89 15 33 23 -85 8 -38 76 -93
81 -51 34 -41 26 -43 87 52 56 -29 79 79 14 92 -77 30 -27 -78 17 97
-28 52 -4 -87 74 -78 100 -3 -11 57 -14 -75 -14 60 68 33 89 -99 -67 27
87 70 49 12 49 -83 -41 88 52 -8 -63 -5 -22 52 80 86 -73 100 -7 4
-42 99 -77 65 79 63 -68 -90 94 51 18 54 48 -31 -83 100 48 -52 -34 -61
76 -83 -97 -27 -88 -37 -93 72 51 41 -3 61 -11 -100 -77 15 -60 -88 90 84
96 51 66 -43 35 89 -23 -20 4 -63 -41 -4 -23 -30 -71 89 24 -38 33 -93
38 71 -35 52 0 67 16 5 79 97 78 -22 15 -59 -84 -14 0 -61 -53 -72
-95 48 -54 97 26 77 -33 38 -29 -49 96 89 -44 -21 -44 -33 -24 71 19 37
-14 -46 -34 41 -32 -8 -23 -91 -56 -63 -89 -13 29 18 1 -70 -80 60 61 3
73 52 -75 49 65 39 -42 -46 74 -58 97 100 -38 68 -48 -67 49 -80 -25 85
1 -2 21 94 12 -17 6 23 24 96 -66 -31 -80 68 4 70 79 -60 80 57
50 56 19 28 -27 -57 -54 5 -86 -90 -98 -53 -77 12 79 -71 18 -76 -5 -27
13 -70 -29 100 34 -67 -54 66 -4 -91 -70 -89 48 21 90 80 86 85 -99 -3
-48 38 -16 83 -66 68 -39 72 -92 5 71 36 30 98 12 39 35 47 48 88
-34 -100 -41 -25 12 -54 -73 33 57 -53 -65 52 80 -87 84 -71 10 -22 -11 -73
16 -63 99 -41 48 -25 33 0 -5 -66 98 -87 67 -38 51 64 -39 -59 -10 85
22 20 32 -94 52 98 31 -30 100 30 -77 57 41 -85 -81 11 51 45 57 30
61 -21 42 17 -86 -96 -35 -95 -19 33 -16 -92 -65 17 23 -38 29 25 26 -97
-38 21 -85 49 -43 80 -90 94 -100 88 21 -84 -38 1 -29 28 -4 17 85 -17
31 -22 -97 18 51 -84 -77 -8 62 -40 59 95 36 -94 -21 77 65 20 -56 50
83 68 88 31 -14 -16 -32 -93 57 -59 53 -83 40 -79 13 92 -40 -66 -55 62
-49 -55 38 -49 91 -30 49 66 -46 -84 -84 -91 -60 30 26 76 28 33 -62 28
83 -99 -93 -65 5 40 -27 -94 -59 -8 -79 22 13 85 5 -74 28 -37 100 60
-36 48 76 70 45 53 0 -4 -70 22 -96 47 99 -52 97 -35 80 -59 -3 61
-44 38 38 21 76 38 -9 48 -54 -44 -37 -86 -38 100 7 -26 12 -32 -62 -71
21 90 -93 -93 58 -12 -6 26 32 5 -20 27 6 85 45 47 25 83 84 81
33 11 -72 -27 -33 63 -85 -62 -26 67 15 47 52 35 63 -50 -10 85 14 41
59 -80 47 17 91 49 4 88 -87 65 44 64 25 92 -21 22 -98 75 -24 -26
-36 -40 -92 67 -98 18 72 -10 -10 -50 58 46 33 -32 60 -58 -57 27 -61 -44
10 62 -26 -10 -88 66 90 4 56 -51 -14 -1 61 46 -76 -89 87 26 -53 16
11 30 -68 10 100 30 -62 -48 3 83 -82 -21 -76 -8 -95 73 -5 -54 30 1
4 -6 -6 69 11 -57 44 -77 75 -42 62 -54 84 -75 -86 91 -35 39 77 18
-62 -90 90 60 75 60 19 -89 6 57 65 41 72 70 -91 49 -71 -37 47 -39
-28 -32 84 22 89 -91 85 26 -69 53 47 -12 -46 -39 -64 37 35 -68 98 -21
54 31 -48 40 51 -76 -2 22 -32 61 35 11 -95 92 -58 -5 -7 34 -49 -62
-96 45 80 6 67 5 92 96 44 71 48 -10 52 -99 -89 -99 92 -93 3 42
50 -90 -27 54 -28 -74 -15 55 -15 89 -94 -56 94 86 28 33 22 -34 -88 -39
8 54 -56 -93 -55 10 23 67 -50 -97 -7 100 77 -30 75 11 32 -92 26 -82
-12 -42 -75 79 40 -59 44 49 -100 78 18 33 35 33 -98 -81 -36 4 15 5
-78 3 -5 63 -38 92 -43 -81 0 -39 72 5 -41 69 -90 90 98 47 -8 52
-69 -82 -88 5 16 20 61 -95 -97 -73 37 -100 4 -97 8 86 -63 -36 38 87
-19 -29 -55 -76 49 63 44 -81 -54 -69 -35 98 98 23 77 33 -24 54 24 2
91 -43 49 62 67 -72 65 -50 2 66 92 60 80 -97 40 -96 -6 -58 -24 -1
-44 -65 -12 32 68 82 -9 -36 49 13 42 34 -13 -6 -60 -66 82 78 76 -85
-59 30 3 21 89 51 33 -80 29 -4 -11 -69 84 -77 46 54 -53 -66 18 -59
-67 89 90 -17 -26 -71 -98 -43 12 45 -3 -86 -10 -49 -72 3 -18 14 -84 -89
57 86 -43 -48 69 66 -58 18 27 61 7 61 3 -26 19 22 8 -84 65 -33
-30 27 62 28 11 -62 52 -87 48 30 -40 49 43 -98 22 29 90 94 -87 39
-43 41 -73 86 -93 98 -43 66 27 -83 -55 40 78 90 6 -15 -61 -21 21 31
-49 47 62 -81 -47 9 55 -14 -6 50 65 86 18 -75 -99 -72 -43 48 -66 87
57 47 75 -49 4 86 -100 31 -57 39 94 55 54 -1 88 -100 -19 72 -75 56
-85 -37 -26 100 59 9 -64 -79 81 67 44 -47 28 48 -74 -51 -37 -65 -90 18
7 13 9 -29 52 15 88 -70 62 -26 -40 47 39 71 14 -4 33 -48 -81 73
-79 -5 72 71 -39 57 96 15 29 -36 10 -51 4 -91 -75 -52 -1 -99 -77 7
-66 -25 93 -11 4 81 62 -36 -65 12 -18 -76 52 -1 -39 -1 46 -70 63 -10
8 -5 -69 -60 52 -94 21 -18 22 -65 31 -75 57 -85 -34 -57 45 -25 46 -16
70 -82 40 59 -30 67 -1 32 24 -18 78 -40 -42 41 -48 92 -44 28 -84 -89
78 1 -42 -95 -62 -4 -33 -60 -30 -70 -7 -92 66 39 55 -9 -42 36 81 -93
-92 54 83 86 36 -1 -38 -23 -89 -61 -35 -44 11 13 -24 100 78 -89 -72 -76
-66 93 93 -64 31 -28 -5 -45 18 100 -1 -7 0 33 -29 -76 -80 -95 87 80
-24 98 -82 -15 18 -66 -52 -17 20 18 -27 -5 -79 4 53 -37 -32 -82 64 60
13 -21 1 -47 -22 -74 -99 75 34 -2 16 13 89 -10 79 36 42 71 10 -8
78 -16 -71 79 3 -22 38 88 -80 74 82 96 -91 78 78 3 -73 -63 48 -95
-45 -29 33 -98 47 8 7 51 -71 25 -97 82 44 15 -98 63 79 -89 -43 -86
57 58 -90 52 -14 -38 81 -2 -54 -14 -23 -11 12 -64 50 67 -17 -40 -77 80
-87 -70 -1 28 90 78 -94 79 60 -91 46 45 -75 62 49 75 21 77 66 -79
50 -77 77 12 75 -9 -52 10 -66 -85 -24 -85 -68 14 54 -44 82 0 29 -52
21 91 -16 -92 2 -50 -16 -8 -72 -32 6 -91 -57 -71 -91 -55 -54 75 33 6
-36 21 -51 -44 43 34 80 2 -6 33 -89 -40 -79 13 -62 75 -31 6 8 41
-14 -92 57 91 -87 17 -70 98 -59 -60 11 23 -17 86 41 -100 50 76 80 -22
59 66 37 2 -79 38 39 -83 36 53 -15 -43 50 44 42 89 -63 -82 -7 -14
-10 49 34 92 -60 41 -55 -86 64 57 44 100 -22 -69 55 -87 -8 20 -13 8
-33 44 72 45 16 9 -34 -71 53 52 -6 76 10 -17 76 38 83 -86 49 -96
34 -95 53 -42 99 47 73 -5 85 83 0 98 7 -25 -100 23 92 -41 -92 -44
43 -43 3 -68 70 -32 85 9 -54 -25 -92 27 100 52 -93 21 12 -21 -52 69
-21 6 -99 -87 73 83 56 75 -46 -4 49 84 31 -32 -49 -85 68 4 -65 90
-27 -61 -70 -71 23 -57 19 -32 33 -97 60 -72 20 95 -42 84 11 18 14 34
-17 -80 82 -30 98 29 -71 28 13 58 57 -60 -16 -18 -40 -10 23 81 -70 87
29 -18 -29 93 20 -76 -83 -75 82 -23 25 -7 87 95 -98 -27 -54 74 30 10
-54 -51 86 45 50 -3 81 -44 0 -42 1 67 -22 68 -33 -41 28 -96 51 -74
3 -38 -84 -64 58 -72 -85 49 -78 13 -66 -95 -41 -66 93 79 -91 -62 89 88
-42 -6 30 -90 58 17 -25 31 -68 15 53 -91 96 -17 -18 95 71 45 79 -21
-57 4 -94 -76 55 -50 15 12 -16 79 -22 -25 -97 20 4 73 5 -64 98 -78
-89 45 78 23 -15 31 -99 -31 3 24 75 -86 -88 77 64 85 -55 -60 19 -91
26 -99 -71 -86 -42 66 -80 -90 29 -89 -94 -37 49 -56 4 61 31 -95 40 -17
82 -33 54 57 -97 13 -23 -23 78 18 29 -63 32 69 66 58 -7 23 -67 10
-39 82 -27 96 -77 -100 -96 -85 -80 36 48 48 19 5 11 33 -21 50 33 -34
-97 -91 71 47 -2 79 47 -42 -89 9 94 75 44 -43 98 -29 -37 16 44 -16
-44 12 -87 36 88 -80 78 75 96 -45 85 18 13 -47 54 43 78 -42 88 75
-4 -1 0 -34 -96 55 20 -85 29 -82 -53 68 -57 20 -100 -5 96 61 -20 69
-23 28 -37 30 -98 -89 87 -7 56 58 77 -83 -5 35 90 -34 -63 28 95 15
-96 -66 -20 45 18 31 67 -96 -75 -6 15 -3 -55 -95 15 31 74 37 57 -57
-46 92 75 -28 -68 66 65 76 87 87 37 43 -68 32 75 56 -48 -80 -41 -64
-10 -62 -68 -13 70 -30 -90 35 -27 -42 7 34 11 42 30 3 53 -16 -72 67
-68 -47 -56 45 96 86 0 -19 30 -31 12 85 88 -57 -85 30 -41 55 -14 47
7 77 99 78 -31 79 23 76 69 7 -22 61 -27 77 45 -69 63 31 91 6
-45 -49 62 73 -81 99 -69 24 31 37 -30 -76 6 -65 17 20 20 -10 -38 9
68 60 -2 -72 76 25 -88 -31 -33 61 55 47 -96 -56 -94 18 0 26 -7 40
72 55 56 25 -41 -57 -74 -88 -86 -71 -88 22 51 -25 0 -90 -49 83 53 2
-26 -29 -88 -59 -64 -29 -23 97 -62 -2 34 -33 -91 -55 24 50 44 -55 73 -30
86 88 -46 5 -4 -83 8 -9 -81 99 -57 -52 -67 3 41 61 31 84 -66 24
-61 88 85 13 61 62 -27 -3 -11 34 93 -59 42 15 84 -71 6 97 -49 0
43 -69 63 -98 -86 73 -10 -58 67 18 42 -18 73 -45 -20 63 69 16 -45 0
27 93 93 -12 -50 25 45 -84 51 20 -83 -5 -3 9 65 91 19 65 11 2
-71 -28 73 51 77 -52 52 -15 11 19 -61 5 -97 -46 -75 -46 24 -40 -86 -57
51 -27 -20 86 -65 -98 68 -98 -73 81 -84 88 28 -60 57 66 9 40 70 -24
47 37 -38 32 -45 42 -36 -73 -35 -46 69 -18 78 -84 84 39 34 55 -13 -76
34 29 -48 20 68 59 -99 -78 62 61 -32 37 -5 -87 87 34 1 -2 71 -51
48 99 68 10 -100 50 -33 59 -51 -76 70 29 -26 64 52 -68 -67 33 -52 4
45 -90 -70 -71 -40 -81 -47 -70 -49 28 65 29 34 -8 -21 84 -49 81 39 -95
-5 -28 -35 38 -13 -73 47 -91 -81 72 24 68 88 31 0 -91 -57 -96 87 -60
-58 71 -6 64 3 -95 -60 44 87 60 8 -91 78 77 -38 70 56 23 -34 64
98 92 -70 -1 -49 -25 90 32 -65 -24 12 -30 -34 -41 49 -12 -40 2 41 -86
85 -10 36 30 -36 -36 -39 -22 -73 -47 77 -4 41 -51 -10 73 92 69 17 23
-29 8 75 22 -56 -43 23 100 -64 65 -88 -33 -62 88 30 84 11 58 49 11
48 57 -70 -65 -75 -77 -7 -33 -80 -50 -14 28 20 -76 -39 11 -2 -24 -39 22
67 74 -30 98 -55 54 95 11 -98 -8 3 -86 -9 56 4 -16 -86 5 -93 32
25 -52 -96 -93 37 -44 91 -52 9 25 -51 26 29 -75 -39 16 -75 -86 -18 -79
96 16 -75 68 51 -32 53 -73 -2 -30 -89 3 17 -21 -40 -63 -96 -83 50 -100
4 -65 34 71 58 -39 -46 93 73 -36 -35 89 -71 -68 -18 82 -45 -10 48 76
-12 25 19 19 44 12 -78 -78 90 -65 40 13 -72 -11 28 19 1 -78 -10 99
19 -23 -66 46 58 7 64 -62 -3 -30 -85 24 45 -36 50 -91 -8 -87 -12 42
26 -61 -12 -85 50 -16 62 90 -75 -41 46 11 -68 36 -37 48 -63 -46 53 -64
72 87 6 -90 -68 -81 -7 -94 96 81 16 92 21 -7 92 -34 26 -57 -25 -34
-82 -1 -83 32 -25 79 74 -7 -8 -82 90 -53 100 -4 20 14 -45 99 -100 70
-28 44 -21 41 -52 -37 -100 89 49 52 66 -51 -73 75 66 43 77 -58 3 72
-12 55 -37 59 6 11 -39 59 7 -9 -40 89 92 -63 29 3 -28 -79 -91 77
